0.00451796
0.00400429
0.00407004
0.00402867
0.00413792
0.00381621
0.00389342
0.00428779
0.00408821
0.00425008
0.00386117
0.004385
0.00441246
0.00432292
0.00394996
0.00407704
0.00412558
0.00413446
0.00422592
0.00412263
0.0042305
0.00407504
0.00392817
0.00413579
0.00423575
0.00406842
0.00429875
0.0041375
0.00427292
0.00412571
0.004463
0.00433462
0.00418858
0.00428117
0.00426454
0.00398775
0.00406037
0.00445062
0.00410221
0.00432062
0.0040235
0.00435971
0.00456067
0.00444692
0.00424229
0.00434225
0.00434721
0.0042295
0.00445563
0.00436075
0.00433996
0.00425692
0.00421571
0.00430354
0.00428104
0.00425
0.00430342
0.00423275
0.00428217
0.00436662
