0.00967342
0.00948617
0.00980158
0.00985346
0.0101549
0.0100519
0.0103524
0.0101462
0.00995571
0.00970258
0.00987975
0.0105741
0.00998283
0.0110032
0.00987046
0.0103175
0.0100716
0.00944646
0.00976483
0.0108454
0.011039
0.0102046
0.0107682
0.00976975
0.010141
0.00974742
0.0100672
0.010486
0.0101823
0.00990817
0.00972187
0.00978383
0.00974983
0.0100771
0.0100898
0.0101288
0.010508
0.0105008
0.0099075
0.00983625
0.00985771
0.0105892
0.00996238
0.0108489
0.00993825
0.0103467
0.0100705
0.00975696
0.0100914
0.0103185
0.0102103
0.0102777
0.0109237
0.00977667
0.0102262
0.010038
0.0103392
0.010416
0.0103627
0.00990192
